[gd_scene format=3 uid="uid://dvxex3qbkk2i0"]

[ext_resource type="Shader" uid="uid://bx60rb1xl0641" path="res://assets/shaders/simple_sky.gdshader" id="1_jyhfs"]
[ext_resource type="Script" uid="uid://b8taabtv3f7i6" path="res://scripts/camera/dynamic_camera.gd" id="2_o6xl0"]
[ext_resource type="Script" uid="uid://ps2l4sg8h37e" path="res://scripts/camera/simple_follow_camera.gd" id="2_tefeu"]
[ext_resource type="Texture2D" uid="uid://naosb5s388ig" path="res://assets/textures/6_diffuseOriginal.bmp" id="3_jyhfs"]
[ext_resource type="PackedScene" uid="uid://b4xylhi0vnorx" path="res://scenes/vehicle/vehicle.tscn" id="4_o6xl0"]
[ext_resource type="Texture2D" uid="uid://1twkahviwh0w" path="res://assets/textures/6_normal.bmp" id="4_tbgi4"]
[ext_resource type="PackedScene" uid="uid://p2mwmq62svfp" path="res://scenes/spinners/traffic_cone.tscn" id="7_o6xl0"]

[sub_resource type="ShaderMaterial" id="ShaderMaterial_74lek"]
shader = ExtResource("1_jyhfs")
shader_parameter/baseColor = Color(0, 0.64, 0.84, 1)
shader_parameter/horizonColor = Color(1, 0.20195955, 0.50534636, 1)
shader_parameter/horizonHeight = -0.2
shader_parameter/rayleighCoefficient = 0.2
shader_parameter/mieCoefficient = 0.0
shader_parameter/mieEccentricity = 0.8
shader_parameter/sunDiskScale = 0.32999999262384
shader_parameter/sunSmoothing = 0.0

[sub_resource type="Sky" id="Sky_xc1so"]
sky_material = SubResource("ShaderMaterial_74lek")

[sub_resource type="Environment" id="Environment_wccwa"]
background_mode = 2
sky = SubResource("Sky_xc1so")
reflected_light_source = 2
tonemap_mode = 4
tonemap_exposure = 1.5
glow_enabled = true
glow_intensity = 0.5
glow_bloom = 0.1

[sub_resource type="PlaneMesh" id="PlaneMesh_j5jx5"]
size = Vector2(500, 500)

[sub_resource type="StandardMaterial3D" id="StandardMaterial3D_lpvoh"]
albedo_color = Color(0.2070606, 0.17629611, 0.16418901, 1)
albedo_texture = ExtResource("3_jyhfs")
normal_enabled = true
normal_scale = 0.3
normal_texture = ExtResource("4_tbgi4")
uv1_scale = Vector3(100, 100, 100)

[sub_resource type="BoxShape3D" id="BoxShape3D_iyx0m"]
size = Vector3(1000, 0.2, 1000)

[sub_resource type="LabelSettings" id="LabelSettings_74lek"]
font_size = 42

[sub_resource type="BoxMesh" id="BoxMesh_xc1so"]
size = Vector3(1, 6.8553467, 24.605835)

[sub_resource type="BoxShape3D" id="BoxShape3D_74lek"]
size = Vector3(1, 6.8553467, 24.605835)

[node name="Main" type="Node3D" unique_id=2053984469]

[node name="WorldEnvironment" type="WorldEnvironment" parent="." unique_id=295061537]
environment = SubResource("Environment_wccwa")

[node name="Sun" type="DirectionalLight3D" parent="." unique_id=1420355262]
transform = Transform3D(-0.8666564, -0.38674706, 0.315172, 0.49064752, -0.7751678, 0.39797005, 0.09039734, 0.4995417, 0.8615606, 0, 0, 0)
shadow_enabled = true

[node name="DynamicCamera" type="Camera3D" parent="." unique_id=1134682065 node_paths=PackedStringArray("vehicle_to_follow")]
transform = Transform3D(-1, 0, -8.742278e-08, -2.150836e-08, 0.96926296, 0.24602696, 8.473566e-08, 0.24602696, -0.96926296, 0, 1.5200856, -2.3814516)
script = ExtResource("2_o6xl0")
vehicle_to_follow = NodePath("../Vehicle")
metadata/_custom_type_script = "uid://b8taabtv3f7i6"

[node name="SimpleFollowCamera" type="Camera3D" parent="." unique_id=2071460208 node_paths=PackedStringArray("vehicle_to_follow")]
transform = Transform3D(-1, 0, -8.742278e-08, -2.150836e-08, 0.96926296, 0.24602696, 8.473566e-08, 0.24602696, -0.96926296, 0, 1.5200856, -3.8060746)
visible = false
script = ExtResource("2_tefeu")
vehicle_to_follow = NodePath("../Vehicle")
metadata/_custom_type_script = "uid://ps2l4sg8h37e"

[node name="Floor" type="StaticBody3D" parent="." unique_id=1888477577]

[node name="Mesh" type="MeshInstance3D" parent="Floor" unique_id=401234620]
transform = Transform3D(1, 0, 0, 0, 1, 0, 0, 0, 1, 0, 0.09448845, 0)
mesh = SubResource("PlaneMesh_j5jx5")
surface_material_override/0 = SubResource("StandardMaterial3D_lpvoh")

[node name="CollisionShape3D" type="CollisionShape3D" parent="Floor" unique_id=90296243]
shape = SubResource("BoxShape3D_iyx0m")

[node name="Vehicle" parent="." unique_id=305288457 instance=ExtResource("4_o6xl0")]
transform = Transform3D(1, 0, 0, 0, 1, 0, 0, 0, 1, 0, 0.1391617, 0)

[node name="UI" type="Node" parent="." unique_id=1395755460]

[node name="LabelSpeed" type="Label" parent="UI" unique_id=1581957390]
unique_name_in_owner = true
offset_left = 28.0
offset_top = 18.0
offset_right = 374.0
offset_bottom = 135.0
text = "Speed"
label_settings = SubResource("LabelSettings_74lek")

[node name="StaticBody3D" type="StaticBody3D" parent="." unique_id=1700286750]
transform = Transform3D(0.3666679, -0.9303519, 0, 0.91610146, 0.36105156, 0.17435552, -0.162212, -0.06393057, 0.98468274, 0, -9.696171, 0)

[node name="MeshInstance3D" type="MeshInstance3D" parent="StaticBody3D" unique_id=1692592674]
transform = Transform3D(1, 0, 0, 0, 1, 0, 0, 0, 1, 7.5678263, 2.9276733, 10.225188)
mesh = SubResource("BoxMesh_xc1so")

[node name="CollisionShape3D" type="CollisionShape3D" parent="StaticBody3D" unique_id=846442473]
transform = Transform3D(1, 0, 0, 0, 1, 0, 0, 0, 1, 7.5678263, 2.9276733, 10.225188)
shape = SubResource("BoxShape3D_74lek")

[node name="StaticBody3D2" type="StaticBody3D" parent="." unique_id=1381942049]
transform = Transform3D(-4.371138e-08, -0.99999994, 0, 0.99999994, -4.371139e-08, 0, 0, 0, 0.9999999, 16.767914, -2.0759993, 0)

[node name="MeshInstance3D" type="MeshInstance3D" parent="StaticBody3D2" unique_id=481470903]
transform = Transform3D(1, 0, 0, 0, 1, 0, 0, 0, 1, 7.5678263, 2.9276733, 10.225188)
mesh = SubResource("BoxMesh_xc1so")

[node name="CollisionShape3D" type="CollisionShape3D" parent="StaticBody3D2" unique_id=666722984]
transform = Transform3D(1, 0, 0, 0, 1, 0, 0, 0, 1, 7.5678263, 2.9276733, 10.225188)
shape = SubResource("BoxShape3D_74lek")

[node name="StaticBody3D3" type="StaticBody3D" parent="." unique_id=992739203]
transform = Transform3D(0.0026957763, -0.99999607, 0.0007403143, 0.9529152, 0.0027933384, 0.3032239, -0.30322483, -0.00011196719, 0.952919, 16.768, -8.545, -21.09)

[node name="MeshInstance3D" type="MeshInstance3D" parent="StaticBody3D3" unique_id=518131465]
transform = Transform3D(1, 0, 0, 0, 1, 0, 0, 0, 1, 7.5678263, 2.9276733, 10.225188)
mesh = SubResource("BoxMesh_xc1so")

[node name="CollisionShape3D" type="CollisionShape3D" parent="StaticBody3D3" unique_id=1195474320]
transform = Transform3D(1, 0, 0, 0, 1, 0, 0, 0, 1, 7.5678263, 2.9276733, 10.225188)
shape = SubResource("BoxShape3D_74lek")

[node name="TrafficCone" parent="." unique_id=850214933 instance=ExtResource("7_o6xl0")]
transform = Transform3D(1, 0, 0, 0, 1, 0, 0, 0, 1, -16.97462, 0.09652233, 6.3738074)
